# {
#   "id": "PF1024",
#   "legacyID": "PF1024",
#   "category": "camera",
#   "displayName": "PF1024",
#   "manufacturer": "",
#   "model": "",
#   "peakWavelengthNm": 579,
#   "normalization": "dividedByMaximum"
# }
400	0.565485378498355
401	0.56659250348638
402	0.572319746212887
403	0.568700299136655
404	0.575279176469336
405	0.588373058539234
406	0.605533495853603
407	0.633541628964092
408	0.658356132301435
409	0.681893183729521
410	0.705792179865229
411	0.729329231293314
412	0.719631242215527
413	0.71333979156243
414	0.694295112681903
415	0.69509352012519
416	0.699830737622023
417	0.707325122156339
418	0.713542054781396
419	0.70698446831387
420	0.696211290545791
421	0.686470719737696
422	0.674111372515622
423	0.662731405090646
424	0.663551103399086
425	0.689930485325271
426	0.693613804996966
427	0.709560662997541
428	0.719801569136762
429	0.70092721717747
430	0.678114055164632
431	0.650127212919296
432	0.62386493075146
433	0.601945985075103
434	0.606299966999159
435	0.633722601317904
436	0.648604916060764
437	0.682521264251572
438	0.708709028391368
439	0.714585307173957
440	0.733044487262739
441	0.751003332020397
442	0.777712722356473
443	0.806891853050449
444	0.828299817963103
445	0.842053716852784
446	0.844842820187998
447	0.84240501612783
448	0.824808116077797
449	0.816855977942664
450	0.806604426370865
451	0.798684224533464
452	0.805476010517687
453	0.803134015350714
454	0.79510735918754
455	0.78318447470113
456	0.772347424337588
457	0.761744573490744
458	0.755037950967138
459	0.760988747777766
460	0.769877683979688
461	0.776211716363094
462	0.785824541980263
463	0.792520519071293
464	0.788571063585169
465	0.774295538499207
466	0.749076508723932
467	0.720355131630774
468	0.699192011667394
469	0.671396787208448
470	0.643197036311571
471	0.630347999190947
472	0.638853699820092
473	0.659080021716682
474	0.68765236275376
475	0.720536103984585
476	0.746031915006866
477	0.778564356962645
478	0.803283051406794
479	0.814098810905181
480	0.807775423954352
481	0.795171231783003
482	0.78071473434323
483	0.767407943621789
484	0.754122443765502
485	0.747096458264581
486	0.748906181802697
487	0.760594866772411
488	0.778010794468633
489	0.797715490168943
490	0.821720940630423
491	0.842298561802059
492	0.858788336864069
493	0.870327985777702
494	0.872648690079521
495	0.866751120431778
496	0.860406442615796
497	0.850623290077392
498	0.841670481280007
499	0.831866037876449
500	0.82991792371483
501	0.83253670012881
502	0.836560673642974
503	0.845747681957056
504	0.85474307248475
505	0.857489594089656
506	0.861279368087122
507	0.845130246867582
508	0.821316414192491
509	0.800823956481471
510	0.772964859427063
511	0.741262761212301
512	0.719205424912441
513	0.700980444340356
514	0.687588490158298
515	0.687162672855212
516	0.699021684746159
517	0.716118249465067
518	0.738175585764927
519	0.761797800653629
520	0.784994198239245
521	0.804592439613783
522	0.819783471901381
523	0.828640471805572
524	0.828640471805572
525	0.816557905830503
526	0.801537200464141
527	0.785079361699863
528	0.758210289875128
529	0.731075082235968
530	0.708347083683745
531	0.689919839892694
532	0.677134675367534
533	0.690484047819285
534	0.730659910365456
535	0.756996710561334
536	0.786867794372824
537	0.837912643580271
538	0.867283392060636
539	0.879727902743328
540	0.924875182303033
541	0.952372334649818
542	0.959089602606002
543	0.980731767035353
544	0.964348446299115
545	0.944995049873852
546	0.929921117344603
547	0.919744083800845
548	0.920276355429703
549	0.926024889021365
550	0.901242321981753
551	0.909684150015436
552	0.911249028604277
553	0.910620948082225
554	0.925471326527354
555	0.917955651127883
556	0.929984989940066
557	0.939725560748161
558	0.947124136389282
559	0.936595803570478
560	0.920829917923716
561	0.898974844842819
562	0.876992026570999
563	0.850293281667501
564	0.826937202593226
565	0.803836613900806
566	0.789635606842884
567	0.777702076923896
568	0.769068631103825
569	0.773582294516538
570	0.780842479534156
571	0.816557905830504
572	0.864749779107274
573	0.878386578238606
574	0.920106028508469
575	0.966924640982787
576	0.9786133259525
577	0.988364542193172
578	0.995305364233475
579	1
580	0.994283402706069
581	0.951850708453539
582	0.918275014105197
583	0.895632179013596
584	0.841287245707229
585	0.796171902445256
586	0.775242981998574
587	0.754441806742816
588	0.738707857393785
589	0.727849516165089
590	0.723463597943302
591	0.710571979092371
592	0.703492766428564
593	0.698180695572564
594	0.704429564495353
595	0.724368459712362
596	0.748757145746616
597	0.773316158702109
598	0.796342229366489
599	0.821476095681147
600	0.829492106411744
601	0.838923959675101
602	0.836752291429362
603	0.823903254308739
604	0.813822029658176
605	0.79925907789263
606	0.782013477117642
607	0.756528311527939
608	0.736791679529897
609	0.720876757827055
610	0.702598550092082
611	0.694231240086441
612	0.692378934818016
613	0.694060913165207
614	0.700128809734183
615	0.70792126638066
616	0.719588660485218
617	0.733225459616551
618	0.747713893354057
619	0.761105847536115
620	0.772432587798205
621	0.782779948263198
622	0.790082715011124
623	0.794340888041986
624	0.796022866389176
625	0.791754047925737
626	0.78467483526193
627	0.77492361902126
628	0.762127809063521
629	0.748640045988269
630	0.736557480013201
631	0.724900731341217
632	0.717246665318245
633	0.712413638928218
634	0.712009112490286
635	0.715905340813524
636	0.728828895962188
637	0.745361252754506
638	0.754888914911057
639	0.77421037503859
640	0.794362178907139
641	0.806657653533752
642	0.814971736376508
643	0.827895291525171
644	0.839371067843342
645	0.844129576205329
646	0.842309207234636
647	0.834761595537435
648	0.823104846865453
649	0.805901827820773
650	0.787016830428905
651	0.765662092679136
652	0.74194406889724
653	0.717204083587938
654	0.693826713648509
655	0.679285052748117
656	0.651926291024836
657	0.634691335682425
658	0.621224863472328
659	0.60801388164408
660	0.598699128139072
661	0.592428968351129
662	0.586776243652661
663	0.587702396286873
664	0.59354673877173
665	0.600189488699873
666	0.608641962166133
667	0.624748501655365
668	0.63923693539287
669	0.654726039792627
670	0.671407432641026
671	0.687524617562834
672	0.701448843373751
673	0.712977846854807
674	0.721419674888489
675	0.726976590693763
676	0.726273992143671
677	0.722047755410541
678	0.715628559566518
679	0.707868039217774
680	0.697062925151963
681	0.685768121187605
682	0.67142872350618
683	0.65793031499835
684	0.645198377636076
685	0.634095191458104
686	0.621054536551093
687	0.618063169996913
688	0.614795022195727
689	0.61246367246133
690	0.613283370769771
691	0.616434418812609
692	0.622289406730042
693	0.628474403057368
694	0.638513045977622
695	0.65048915762692
696	0.659250348637916
697	0.671056133365979
698	0.684203242598764
699	0.696871307365575
700	0.702598550092083
