# {
#   "id": "FF0161850",
#   "legacyID": "FF0161850",
#   "category": "filter",
#   "displayName": "FF0161850",
#   "manufacturer": "",
#   "model": "",
#   "peakWavelengthNm": 618,
#   "normalization": "dividedByMaximum"
# }
400	1.00095302739644e-07
401	1.00095302739644e-07
402	1.00095302739644e-07
403	1.00095302739644e-07
404	1.00095302739644e-07
405	1.00095302739644e-07
406	1.00095302739644e-07
407	1.00095302739644e-07
408	7.20657252182948e-07
409	1.00359324119681e-07
410	1.00095302739644e-07
411	1.00095302739644e-07
412	1.00095302739644e-07
413	2.55973537524548e-07
414	1.00095302739644e-07
415	1.00095302739644e-07
416	6.13381452748791e-07
417	1.00095302739644e-07
418	1.00095302739644e-07
419	1.00095302739644e-07
420	1.00095302739644e-07
421	1.00095302739644e-07
422	1.00095302739644e-07
423	1.00095302739644e-07
424	1.00095302739644e-07
425	1.00095302739644e-07
426	7.26722206747488e-07
427	1.00095302739644e-07
428	1.00095302739644e-07
429	1.19495373935431e-07
430	1.00095302739644e-07
431	1.00095302739644e-07
432	1.00095302739644e-07
433	1.00095302739644e-07
434	1.00095302739644e-07
435	5.75048575249466e-07
436	1.00095302739644e-07
437	2.01902265184728e-07
438	1.00095302739644e-07
439	1.00095302739644e-07
440	1.00095302739644e-07
441	1.00095302739644e-07
442	1.00095302739644e-07
443	1.18970063777123e-07
444	3.01624412635759e-07
445	1.00095302739644e-07
446	1.00095302739644e-07
447	1.00095302739644e-07
448	1.00095302739644e-07
449	1.00095302739644e-07
450	1.00095302739644e-07
451	1.00095302739644e-07
452	1.00095302739644e-07
453	1.00095302739644e-07
454	1.00095302739644e-07
455	1.00095302739644e-07
456	1.00095302739644e-07
457	1.00095302739644e-07
458	1.00095302739644e-07
459	1.00095302739644e-07
460	1.00095302739644e-07
461	1.00095302739644e-07
462	1.00095302739644e-07
463	1.00095302739644e-07
464	1.00095302739644e-07
465	1.00095302739644e-07
466	1.00095302739644e-07
467	1.00095302739644e-07
468	1.00095302739644e-07
469	1.00095302739644e-07
470	1.00095302739644e-07
471	1.00095302739644e-07
472	1.00095302739644e-07
473	1.00095302739644e-07
474	1.00095302739644e-07
475	1.00095302739644e-07
476	1.00095302739644e-07
477	1.00095302739644e-07
478	1.00095302739644e-07
479	1.04853793393766e-07
480	6.52956933355386e-07
481	2.05883235546228e-07
482	1.00095302739644e-07
483	1.00095302739644e-07
484	1.00095302739644e-07
485	1.00095302739644e-07
486	1.35900223320628e-07
487	2.11042487773459e-07
488	1.06161518504999e-07
489	1.00095302739644e-07
490	1.00095302739644e-07
491	1.00095302739644e-07
492	1.00095302739644e-07
493	1.00095302739644e-07
494	1.00095302739644e-07
495	1.00095302739644e-07
496	1.00095302739644e-07
497	1.00095302739644e-07
498	1.00095302739644e-07
499	1.00095302739644e-07
500	1.00095302739644e-07
501	1.00095302739644e-07
502	1.00095302739644e-07
503	1.00095302739644e-07
504	1.00095302739644e-07
505	1.00095302739644e-07
506	1.00095302739644e-07
507	1.00095302739644e-07
508	1.00095302739644e-07
509	1.00095302739644e-07
510	1.00095302739644e-07
511	1.00095302739644e-07
512	1.00095302739644e-07
513	1.00095302739644e-07
514	1.09779072850843e-07
515	1.00095302739644e-07
516	1.00095302739644e-07
517	1.00095302739644e-07
518	1.00095302739644e-07
519	1.00095302739644e-07
520	1.00095302739644e-07
521	1.00095302739644e-07
522	1.00095302739644e-07
523	1.00095302739644e-07
524	1.00095302739644e-07
525	1.00095302739644e-07
526	1.00095302739644e-07
527	1.00095302739644e-07
528	1.00095302739644e-07
529	1.00095302739644e-07
530	1.00095302739644e-07
531	1.00095302739644e-07
532	1.00095302739644e-07
533	1.00095302739644e-07
534	1.00095302739644e-07
535	1.00095302739644e-07
536	1.00095302739644e-07
537	1.00095302739644e-07
538	1.00095302739644e-07
539	1.00095302739644e-07
540	1.00095302739644e-07
541	1.00095302739644e-07
542	1.00095302739644e-07
543	1.00095302739644e-07
544	1.00095302739644e-07
545	1.00095302739644e-07
546	1.00095302739644e-07
547	1.00095302739644e-07
548	1.00095302739644e-07
549	1.00095302739644e-07
550	1.00095302739644e-07
551	1.00095302739644e-07
552	1.00095302739644e-07
553	1.00095302739644e-07
554	1.00095302739644e-07
555	1.00095302739644e-07
556	1.00095302739644e-07
557	1.00095302739644e-07
558	1.00095302739644e-07
559	1.00095302739644e-07
560	1.00095302739644e-07
561	1.00095302739644e-07
562	1.00095302739644e-07
563	1.00095302739644e-07
564	1.00095302739644e-07
565	1.00095302739644e-07
566	1.00095302739644e-07
567	1.00095302739644e-07
568	1.00095302739644e-07
569	1.00095302739644e-07
570	1.00095302739644e-07
571	1.00095302739644e-07
572	1.00095302739644e-07
573	1.00095302739644e-07
574	1.00095302739644e-07
575	1.00095302739644e-07
576	1.00095302739644e-07
577	1.00095302739644e-07
578	1.00095302739644e-07
579	1.05893263093657e-07
580	2.20336827099818e-07
581	4.90982864605048e-07
582	1.18709175380063e-06
583	3.15701876070244e-06
584	9.387702619418e-06
585	3.19088860886227e-05
586	0.0001280352148888
587	0.000638182055899063
588	0.0043171226187878
589	0.0464934633563308
590	0.63230368898836
591	0.989948589851369
592	0.996292429948403
593	0.989775414968099
594	0.990901897514662
595	0.996333208774739
596	0.989018734517509
597	0.988368395316549
598	0.996436817422604
599	0.996790784441683
600	0.989051595805398
601	0.986915331825738
602	0.993430515062001
603	0.998293855545742
604	0.994881386465682
605	0.989067470920413
606	0.988875438082107
607	0.993655088883228
608	0.99656929355578
609	0.994359919966999
610	0.990839247864677
611	0.990546669294769
612	0.992697777407826
613	0.993059561870048
614	0.99037573654628
615	0.988469201295938
616	0.991202683899394
617	0.997042874461632
618	1
619	0.996428869855567
620	0.989750110875567
621	0.986744899553763
622	0.990009808138525
623	0.995191761980417
624	0.99589519172995
625	0.99130227872562
626	0.987208751196189
627	0.988861805101874
628	0.994539280739978
629	0.99743407693333
630	0.994293847057661
631	0.989962232841133
632	0.990635043437558
633	0.994777047122106
634	0.994875590947653
635	0.989623580403374
636	0.987874515083301
637	0.994280714553941
638	0.998535906006827
639	0.992463294151628
640	0.989153402737815
641	0.994982142397419
642	0.99024710407273
643	0.990196295697059
644	0.995088193370672
645	0.997501581205497
646	0.169035201796334
647	0.00749045270983409
648	0.000640064568276748
649	8.31198690897577e-05
650	1.4170875373861e-05
651	2.93698416135971e-06
652	7.06928560821329e-07
653	1.91816932737999e-07
654	1.00095302739644e-07
655	1.00095302739644e-07
656	1.00095302739644e-07
657	1.00095302739644e-07
658	1.00095302739644e-07
659	1.00095302739644e-07
660	1.00095302739644e-07
661	1.00095302739644e-07
662	1.00095302739644e-07
663	1.00095302739644e-07
664	1.00095302739644e-07
665	1.00095302739644e-07
666	1.00095302739644e-07
667	1.00095302739644e-07
668	1.00095302739644e-07
669	1.00095302739644e-07
670	1.00095302739644e-07
671	1.00095302739644e-07
672	1.00095302739644e-07
673	1.00095302739644e-07
674	1.00095302739644e-07
675	1.00095302739644e-07
676	1.00095302739644e-07
677	1.00095302739644e-07
678	1.00095302739644e-07
679	1.00095302739644e-07
680	1.00095302739644e-07
681	1.00095302739644e-07
682	1.00095302739644e-07
683	1.00095302739644e-07
684	1.00095302739644e-07
685	1.00095302739644e-07
686	1.00095302739644e-07
687	1.00095302739644e-07
688	1.00095302739644e-07
689	1.00095302739644e-07
690	1.00095302739644e-07
691	1.00095302739644e-07
692	1.00095302739644e-07
693	1.00095302739644e-07
694	1.00095302739644e-07
695	1.00095302739644e-07
696	1.00095302739644e-07
697	1.00095302739644e-07
698	1.00095302739644e-07
699	1.00095302739644e-07
700	1.00095302739644e-07
