# {
#   "id": "FF01496LP",
#   "legacyID": "FF01496LP",
#   "category": "filter",
#   "displayName": "FF01496LP",
#   "manufacturer": "",
#   "model": "",
#   "peakWavelengthNm": 511,
#   "normalization": "dividedByMaximum"
# }
400	1.01503400358837e-07
401	1.01503400358837e-07
402	1.01503400358837e-07
403	1.01503400358837e-07
404	1.01503400358837e-07
405	1.01503400358837e-07
406	1.01503400358837e-07
407	1.01503400358837e-07
408	1.01503400358837e-07
409	1.01503400358837e-07
410	1.01503400358837e-07
411	1.01503400358837e-07
412	1.01503400358837e-07
413	1.01503400358837e-07
414	1.01503400358837e-07
415	1.01503400358837e-07
416	1.01503400358837e-07
417	1.01503400358837e-07
418	1.01503400358837e-07
419	1.01503400358837e-07
420	1.01503400358837e-07
421	1.01503400358837e-07
422	1.01503400358837e-07
423	1.01503400358837e-07
424	1.01503400358837e-07
425	1.01503400358837e-07
426	1.01503400358837e-07
427	1.01503400358837e-07
428	1.01503400358837e-07
429	1.01503400358837e-07
430	1.01503400358837e-07
431	1.01503400358837e-07
432	1.01503400358837e-07
433	1.01503400358837e-07
434	1.01503400358837e-07
435	1.01503400358837e-07
436	1.01503400358837e-07
437	1.01503400358837e-07
438	1.01503400358837e-07
439	1.01503400358837e-07
440	1.01503400358837e-07
441	1.01503400358837e-07
442	1.01503400358837e-07
443	1.01503400358837e-07
444	1.01503400358837e-07
445	1.01503400358837e-07
446	1.01503400358837e-07
447	1.01503400358837e-07
448	1.01503400358837e-07
449	1.01503400358837e-07
450	1.01503400358837e-07
451	1.01503400358837e-07
452	1.01503400358837e-07
453	1.01503400358837e-07
454	1.01503400358837e-07
455	1.01503400358837e-07
456	1.01503400358837e-07
457	1.01503400358837e-07
458	1.01503400358837e-07
459	1.01503400358837e-07
460	1.01503400358837e-07
461	1.01503400358837e-07
462	1.01503400358837e-07
463	1.01503400358837e-07
464	1.01503400358837e-07
465	1.01503400358837e-07
466	1.01503400358837e-07
467	1.01503400358837e-07
468	1.01503400358837e-07
469	1.01503400358837e-07
470	1.01503400358837e-07
471	1.01503400358837e-07
472	1.01503400358837e-07
473	1.01503400358837e-07
474	1.01503400358837e-07
475	1.01503400358837e-07
476	1.01503400358837e-07
477	1.01503400358837e-07
478	1.01503400358837e-07
479	1.01503400358837e-07
480	1.01503400358837e-07
481	1.01503400358837e-07
482	1.01503400358837e-07
483	1.01503400358837e-07
484	1.01503400358837e-07
485	1.01503400358837e-07
486	1.01503400358837e-07
487	1.01503400358837e-07
488	1.01503400358837e-07
489	1.01503400358837e-07
490	1.01503400358837e-07
491	1.01503400358837e-07
492	1.01503400358837e-07
493	1.01503400358837e-07
494	1.01503400358837e-07
495	1.36134279741565e-07
496	8.17092790967643e-07
497	5.9803626243489e-06
498	5.74535291803549e-05
499	0.000831375841949137
500	0.0246351077098765
501	0.881777355397317
502	0.994963786987116
503	0.991283842109146
504	0.99805113471311
505	0.993870889725112
506	0.992539378269545
507	0.999499040117869
508	0.99494219721386
509	0.990829969654442
510	0.996395644704278
511	1
512	0.995289998615189
513	0.990811252427416
514	0.992880023681149
515	0.997028132692594
516	0.996869147916612
517	0.993225043889309
518	0.991408549186827
519	0.993443854769463
520	0.996177168785345
521	0.995905789294146
522	0.992954029810351
523	0.99094542977235
524	0.992480343891896
525	0.996415508919728
526	0.999086824658672
527	0.997895174738459
528	0.993742315367878
529	0.990047581444476
530	0.989683163936508
531	0.992756605696653
532	0.996728484504395
533	0.998477530197338
534	0.996702296627102
535	0.992783595450808
536	0.989538947905278
537	0.989116906916926
538	0.991636637477774
539	0.995273555064331
540	0.997547068826928
541	0.996965555846273
542	0.993933882735375
543	0.990353867955059
544	0.988324977387326
545	0.988904703908136
546	0.991618874382711
547	0.994845819735219
548	0.99678112416782
549	0.996458779819301
550	0.994235824900422
551	0.991478282022874
552	0.989714701042999
553	0.989824497271167
554	0.991653314486453
555	0.994166741686138
556	0.996023188127001
557	0.99628018458637
558	0.994852041893661
559	0.992502634038615
560	0.990407674907589
561	0.989558345205087
562	0.990306262860291
563	0.992246114645228
564	0.994431696012095
565	0.995821226811307
566	0.995758223650704
567	0.994265007128026
568	0.992006952333303
569	0.989965952409907
570	0.989005760693533
571	0.989520555489133
572	0.991291231556693
573	0.993586629452407
574	0.995460128464531
575	0.996128477604193
576	0.995286709905017
577	0.993224698777748
578	0.990694685922444
579	0.988610932766817
580	0.987709146107009
581	0.988296708690326
582	0.990162128031781
583	0.992657721084023
584	0.994924231111996
585	0.99618682175872
586	0.996021259562394
587	0.994496404429824
588	0.992131070691262
589	0.98970084582885
590	0.987972303822779
591	0.987467212752254
592	0.988316268395575
593	0.990240184146657
594	0.992645215865099
595	0.994808385281166
596	0.996096828843961
597	0.996157933890978
598	0.995018436417869
599	0.99305851741068
600	0.990878041664852
601	0.989108502435376
602	0.988232974705241
603	0.988466026512465
604	0.989710661207665
605	0.991599852645484
606	0.993605123371953
607	0.99518558206724
608	0.995935610993172
609	0.995689850960223
610	0.994560006460488
611	0.992887940946377
612	0.991138763299014
613	0.989772101215902
614	0.98912642793588
615	0.989342579426944
616	0.99034001274091
617	0.991849002892004
618	0.993483106134381
619	0.994839161112155
620	0.995597350911476
621	0.995598041134598
622	0.994876240304306
623	0.993641512340981
624	0.9922153794156
625	0.990949236149864
626	0.990138741648338
627	0.989959730251465
628	0.990437070292333
629	0.991446257700061
630	0.992748180914423
631	0.994047779700918
632	0.995059707700455
633	0.99557319310219
634	0.995498588102927
635	0.9948801177342
636	0.993880502097126
637	0.992740355002256
638	0.991719129291245
639	0.991038142978238
640	0.990836953088387
641	0.991147756500285
642	0.991894862128286
643	0.992913956267889
644	0.993989993815093
645	0.994902346978879
646	0.995471994212033
647	0.995595127987008
648	0.995263820888237
649	0.994562564346178
650	0.993647846153164
651	0.992712005102535
652	0.991943604061139
653	0.991490868444518
654	0.991436767132127
655	0.991785695221201
656	0.992465828905645
657	0.9933470915779
658	0.994264844722585
659	0.995050653597143
660	0.995564027345138
661	0.995716444851117
662	0.995486945662905
663	0.99492254615555
664	0.994128738813044
665	0.993247374637388
666	0.992431063991022
667	0.991816014286888
668	0.991498806010426
669	0.991523227728553
670	0.991874246787674
671	0.992483074333366
672	0.993237843468094
673	0.994006873830573
674	0.994659002726858
675	0.995086240689309
676	0.995220113524042
677	0.995043365652997
678	0.994588417262249
679	0.99392955869052
680	0.993170323406176
681	0.992424395217619
682	0.991798383146245
683	0.991373733520504
684	0.991197483016121
685	0.991274503796313
686	0.991571269287943
687	0.992020655292351
688	0.992534983172309
689	0.993020321681125
690	0.993391448563857
691	0.9935845486327
692	0.993564562613169
693	0.993331449903905
694	0.992919620157629
695	0.992389944963537
696	0.99182234809907
697	0.991303219108275
698	0.990912146807372
699	0.990707485501229
700	0.990721158009257
