# {
#   "id": "FF0155423",
#   "legacyID": "FF0155423",
#   "category": "filter",
#   "displayName": "FF0155423",
#   "manufacturer": "",
#   "model": "",
#   "peakWavelengthNm": 564,
#   "normalization": "dividedByMaximum"
# }
400	1.00222323179509e-07
401	1.00222323179509e-07
402	1.00222323179509e-07
403	1.00222323179509e-07
404	1.00222323179509e-07
405	1.00222323179509e-07
406	1.00222323179509e-07
407	1.00222323179509e-07
408	1.00222323179509e-07
409	1.00222323179509e-07
410	1.00222323179509e-07
411	1.00222323179509e-07
412	1.00222323179509e-07
413	1.00222323179509e-07
414	1.00222323179509e-07
415	1.00222323179509e-07
416	1.00222323179509e-07
417	1.00222323179509e-07
418	1.00222323179509e-07
419	1.00222323179509e-07
420	1.00222323179509e-07
421	1.00222323179509e-07
422	1.00222323179509e-07
423	1.00222323179509e-07
424	1.00222323179509e-07
425	1.00222323179509e-07
426	1.00222323179509e-07
427	1.00222323179509e-07
428	1.00222323179509e-07
429	1.00222323179509e-07
430	1.00222323179509e-07
431	1.00222323179509e-07
432	1.00222323179509e-07
433	1.00222323179509e-07
434	1.00222323179509e-07
435	1.00222323179509e-07
436	1.00222323179509e-07
437	1.00222323179509e-07
438	1.00222323179509e-07
439	1.00222323179509e-07
440	1.00222323179509e-07
441	1.00222323179509e-07
442	1.00222323179509e-07
443	1.00222323179509e-07
444	1.00222323179509e-07
445	1.00222323179509e-07
446	1.00222323179509e-07
447	1.00222323179509e-07
448	1.00222323179509e-07
449	1.00222323179509e-07
450	1.00222323179509e-07
451	1.00222323179509e-07
452	1.00222323179509e-07
453	1.00222323179509e-07
454	1.00222323179509e-07
455	1.00222323179509e-07
456	1.00222323179509e-07
457	1.00222323179509e-07
458	1.00222323179509e-07
459	1.00222323179509e-07
460	1.00222323179509e-07
461	1.00222323179509e-07
462	1.00222323179509e-07
463	1.00222323179509e-07
464	1.00222323179509e-07
465	1.00222323179509e-07
466	1.00222323179509e-07
467	1.00222323179509e-07
468	1.00222323179509e-07
469	1.00222323179509e-07
470	1.00222323179509e-07
471	1.00222323179509e-07
472	1.00222323179509e-07
473	1.00222323179509e-07
474	1.00222323179509e-07
475	1.00222323179509e-07
476	1.00222323179509e-07
477	1.00222323179509e-07
478	1.00222323179509e-07
479	1.00222323179509e-07
480	1.00222323179509e-07
481	1.00222323179509e-07
482	1.00222323179509e-07
483	1.00222323179509e-07
484	1.00222323179509e-07
485	1.00222323179509e-07
486	1.00222323179509e-07
487	1.00222323179509e-07
488	1.00222323179509e-07
489	1.00222323179509e-07
490	1.00222323179509e-07
491	1.00222323179509e-07
492	1.00222323179509e-07
493	1.00222323179509e-07
494	1.00222323179509e-07
495	1.00222323179509e-07
496	1.00222323179509e-07
497	1.00222323179509e-07
498	1.00222323179509e-07
499	1.00222323179509e-07
500	1.00222323179509e-07
501	1.00222323179509e-07
502	1.00222323179509e-07
503	1.00222323179509e-07
504	1.00222323179509e-07
505	1.00222323179509e-07
506	1.00222323179509e-07
507	1.00222323179509e-07
508	1.00222323179509e-07
509	1.00222323179509e-07
510	1.00222323179509e-07
511	1.00222323179509e-07
512	1.00222323179509e-07
513	1.00222323179509e-07
514	1.00222323179509e-07
515	1.00222323179509e-07
516	1.00222323179509e-07
517	1.00222323179509e-07
518	1.00222323179509e-07
519	1.00222323179509e-07
520	1.00222323179509e-07
521	1.00222323179509e-07
522	1.00222323179509e-07
523	1.00222323179509e-07
524	1.00222323179509e-07
525	1.00222323179509e-07
526	1.00222323179509e-07
527	1.00222323179509e-07
528	1.00222323179509e-07
529	1.00222323179509e-07
530	1.00222323179509e-07
531	1.00222323179509e-07
532	1.00222323179509e-07
533	1.00222323179509e-07
534	1.00222323179509e-07
535	1.00222323179509e-07
536	1.00222323179509e-07
537	5.97920687460995e-07
538	9.11922146898465e-06
539	0.000269690173712346
540	0.0288356390982116
541	0.996464717683237
542	0.99527016781326
543	0.998331318363526
544	0.99406025386114
545	0.995698698422711
546	0.99686394328539
547	0.999981098069848
548	0.995508456408852
549	0.995803651239545
550	0.993272175667283
551	0.995818424009981
552	0.998086896161756
553	0.996266467905755
554	0.995205133547749
555	0.992858628295147
556	0.99447053398554
557	0.99680518293731
558	0.995718181642337
559	0.996275979004225
560	0.993305489567508
561	0.994510302203378
562	0.998842943301125
563	0.996499845607511
564	1
565	0.99270916674459
566	0.99727725012395
567	0.994290845382312
568	0.995902901406189
569	0.0679321448769806
570	0.000818164674697882
571	3.36293990960147e-05
572	2.61387475837651e-06
573	3.05351621501978e-07
574	1.00222323179509e-07
575	1.00222323179509e-07
576	1.00222323179509e-07
577	1.00222323179509e-07
578	1.00222323179509e-07
579	1.00222323179509e-07
580	1.00222323179509e-07
581	1.00222323179509e-07
582	1.00222323179509e-07
583	1.00222323179509e-07
584	1.00222323179509e-07
585	1.00222323179509e-07
586	1.00222323179509e-07
587	1.00222323179509e-07
588	1.00222323179509e-07
589	1.00222323179509e-07
590	1.00222323179509e-07
591	1.00222323179509e-07
592	1.00222323179509e-07
593	1.00222323179509e-07
594	1.00222323179509e-07
595	1.00222323179509e-07
596	1.00222323179509e-07
597	1.00222323179509e-07
598	1.00222323179509e-07
599	1.00222323179509e-07
600	1.00222323179509e-07
601	1.00222323179509e-07
602	1.00222323179509e-07
603	1.00222323179509e-07
604	1.00222323179509e-07
605	1.00222323179509e-07
606	1.00222323179509e-07
607	1.00222323179509e-07
608	1.00222323179509e-07
609	1.00222323179509e-07
610	1.00222323179509e-07
611	1.00222323179509e-07
612	1.00222323179509e-07
613	1.00222323179509e-07
614	1.00222323179509e-07
615	1.00222323179509e-07
616	1.00222323179509e-07
617	1.00222323179509e-07
618	1.00222323179509e-07
619	1.00222323179509e-07
620	1.00222323179509e-07
621	1.00222323179509e-07
622	1.00222323179509e-07
623	1.00222323179509e-07
624	1.00222323179509e-07
625	1.00222323179509e-07
626	1.00222323179509e-07
627	1.00222323179509e-07
628	1.00222323179509e-07
629	1.00222323179509e-07
630	1.00222323179509e-07
631	1.00222323179509e-07
632	1.00222323179509e-07
633	1.00222323179509e-07
634	1.00222323179509e-07
635	1.00222323179509e-07
636	1.00222323179509e-07
637	1.00222323179509e-07
638	1.00222323179509e-07
639	1.00222323179509e-07
640	1.00222323179509e-07
641	1.00222323179509e-07
642	1.00222323179509e-07
643	1.00222323179509e-07
644	1.00222323179509e-07
645	1.00222323179509e-07
646	1.00222323179509e-07
647	1.00222323179509e-07
648	1.00222323179509e-07
649	1.00222323179509e-07
650	1.00222323179509e-07
651	1.00222323179509e-07
652	1.00222323179509e-07
653	1.00222323179509e-07
654	1.00222323179509e-07
655	1.00222323179509e-07
656	1.00222323179509e-07
657	1.00222323179509e-07
658	1.00222323179509e-07
659	1.00222323179509e-07
660	1.00222323179509e-07
661	1.00222323179509e-07
662	1.00222323179509e-07
663	1.00222323179509e-07
664	1.00222323179509e-07
665	1.00222323179509e-07
666	1.00222323179509e-07
667	1.00222323179509e-07
668	1.00222323179509e-07
669	1.00222323179509e-07
670	1.00222323179509e-07
671	1.00222323179509e-07
672	1.00222323179509e-07
673	1.00222323179509e-07
674	1.00222323179509e-07
675	1.00222323179509e-07
676	1.00222323179509e-07
677	1.00222323179509e-07
678	1.00222323179509e-07
679	1.00222323179509e-07
680	1.00222323179509e-07
681	1.00222323179509e-07
682	1.00222323179509e-07
683	1.00222323179509e-07
684	1.00222323179509e-07
685	1.00222323179509e-07
686	1.00222323179509e-07
687	1.00222323179509e-07
688	1.00222323179509e-07
689	1.00222323179509e-07
690	1.00222323179509e-07
691	1.00222323179509e-07
692	1.00222323179509e-07
693	1.00222323179509e-07
694	1.00222323179509e-07
695	1.00222323179509e-07
696	1.00222323179509e-07
697	1.00222323179509e-07
698	1.00222323179509e-07
699	1.00222323179509e-07
700	1.00222323179509e-07
